#
#  The file was generated by the OpenMX Viewer

#  Bravais lattice type: HEX
#  Reciprocal vector b1 (1/Ang):      0.31832      0.18378      0.00000 
#  Reciprocal vector b2 (1/Ang):      0.00000      0.36757      0.00000 
#  Reciprocal vector b3 (1/Ang):      0.00000      0.00000      0.29920 

System.CurrrentDirectory         ./
System.Name                      Geo_G-M-Hy_CO2-V
DATA.PATH                        /mgpfs/home/afachrudin/_scratch/DFT_DATA19
level.of.stdout                   1
level.of.fileout                  1

Species.Number                     3
<Definition.of.Atomic.Species
  H     H7.0-s2p2d1       H_PBE19
  C     C6.0-s3p2d2       C_PBE19
  O     O6.0-s3p2d2       O_PBE19
Definition.of.Atomic.Species>

Atoms.Number                       121
Atoms.SpeciesAndCoordinates.Unit   Ang
<Atoms.SpeciesAndCoordinates
  1     C        0.0808283      1.3875094     10.4122200    2.0  2.0
  2     C       -1.1441306      3.5221918     10.4055000    2.0  2.0
  3     C       -2.3772809      5.6594382     10.4181000    2.0  2.0
  4     C       -3.6085560      7.7907018     10.4647200    2.0  2.0
  5     C       -4.8576943      9.9293158     10.4892900    2.0  2.0
  6     C       -6.1011085     12.0610922     10.4659800    2.0  2.0
  7     C       -7.3359366     14.1998772     10.4451900    2.0  2.0
  8     C       -8.5639549     16.3402005     10.4269200    2.0  2.0
  9     C        2.5489054      1.3994751     10.4323800    2.0  2.0
  10    C        1.3274007      3.5432172     10.4206200    2.0  2.0
  11    C        0.0999745      5.6599510     10.4223000    2.0  2.0
  12    C       -1.1201485      7.7930950     10.4674500    2.0  2.0
  13    C       -2.3719515      9.9226492     10.5745500    2.0  2.0
  14    C       -3.6232610     12.0660495     10.5245700    2.0  2.0
  15    C       -4.8656883     14.2050053     10.4794200    2.0  2.0
  16    C       -6.0964700     16.3466962     10.4502300    2.0  2.0
  17    C        5.0081989      1.4071673     10.4514900    2.0  2.0
  18    C        3.7889641      3.5712512     10.4384700    2.0  2.0
  19    C        2.5962773      5.6664467     10.4363700    2.0  2.0
  20    C        1.3461521      7.8180520     10.4855100    2.0  2.0
  21    C        0.1345165      9.8858974     10.6442700    2.0  2.0
  22    C       -1.1659414     12.0689554     10.6873200    2.0  2.0
  23    C       -2.3919859     14.1986806     10.5291900    2.0  2.0
  24    C       -3.6268139     16.3470381     10.4756400    2.0  2.0
  25    C        7.4709466      1.3958854     10.4643000    2.0  2.0
  26    C        6.2310852      3.5680033     10.4504400    2.0  2.0
  27    C        1.3749700     12.0347677     10.6446900    2.0  2.0
  28    C        0.0897106     14.1867149     10.5793800    2.0  2.0
  29    C       -1.1589343     16.3360980     10.4995800    2.0  2.0
  30    C        9.9418856      1.3854581     10.4596800    2.0  2.0
  31    C        8.6939316      3.5421916     10.4470800    2.0  2.0
  32    C        7.4239694      5.6601220     10.4376300    2.0  2.0
  33    C        3.7716931     12.0195541     10.4825700    2.0  2.0
  34    C        2.5598601     14.1677407     10.4689200    2.0  2.0
  35    C        1.3176302     16.3237904     10.4706000    2.0  2.0
  36    C       12.4114430      1.3753727     10.4292300    2.0  2.0
  37    C       11.1700027      3.5215080     10.4355300    2.0  2.0
  38    C        9.9255028      5.6650792     10.4376300    2.0  2.0
  39    C        8.6794240      7.8336075     10.4328000    2.0  2.0
  40    C        6.2587189     12.0127166     10.4292300    2.0  2.0
  41    C        5.0170811     14.1779970     10.4193600    2.0  2.0
  42    C        3.7789962     16.3234485     10.4195700    2.0  2.0
  43    C       14.8826782      1.3750308     10.4067600    2.0  2.0
  44    C       13.6444946      3.5182602     10.4176800    2.0  2.0
  45    C       12.4043373      5.6594382     10.4323800    2.0  2.0
  46    C       11.1483892      7.7934369     10.4388900    2.0  2.0
  47    C        9.8944150      9.9134185     10.4386800    2.0  2.0
  48    C        8.6704430     12.0269045     10.4281800    2.0  2.0
  49    C        7.4640381     14.1728689     10.4145300    2.0  2.0
  50    C        6.2465798     16.3239614     10.4036100    2.0  2.0
  51    C       17.3500644      1.3789624     10.4017200    2.0  2.0
  52    C       16.1198748      3.5175764     10.4063400    2.0  2.0
  53    C       14.8840599      5.6573870     10.4254500    2.0  2.0
  54    C       13.6405470      7.7910437     10.4510700    2.0  2.0
  55    C       12.3956524      9.9257261     10.4514900    2.0  2.0
  56    C       11.1542120     12.0527163     10.4395200    2.0  2.0
  57    C        9.9315230     14.1865439     10.4250300    2.0  2.0
  58    C        8.7079458     16.3301152     10.4097000    2.0  2.0
  59    C        1.3134852      0.6764044     10.4233500    2.0  2.0
  60    C        0.0889210      2.8186081     10.4113800    2.0  2.0
  61    C       -1.1333732      4.9514102     10.4111700    2.0  2.0
  62    C       -2.3686947      7.0835285     10.4426700    2.0  2.0
  63    C       -3.6041149      9.2216296     10.5090300    2.0  2.0
  64    C       -4.8606551     11.3525514     10.4903400    2.0  2.0
  65    C       -6.0989373     13.4897978     10.4628300    2.0  2.0
  66    C       -7.3299164     15.6277281     10.4407800    2.0  2.0
  67    C        3.7756407      0.6835838     10.4447700    2.0  2.0
  68    C        2.5575902      2.8357020     10.4309100    2.0  2.0
  69    C        1.3449678      4.9767091     10.4225100    2.0  2.0
  70    C        0.1327401      7.0927592     10.4535900    2.0  2.0
  71    C       -1.1154113      9.2094930     10.5552300    2.0  2.0
  72    C       -2.3781691     11.3576795     10.5993300    2.0  2.0
  73    C       -3.6253336     13.4891141     10.5136500    2.0  2.0
  74    C       -4.8630237     15.6308050     10.4685000    2.0  2.0
  75    C        6.2422374      0.6820454     10.4645100    2.0  2.0
  76    C        5.0082976      2.8315994     10.4464500    2.0  2.0
  77    C        3.7572841      5.0004696     10.4420400    2.0  2.0
  78    C        1.3384541      9.1722284     10.5510300    2.0  2.0
  79    C        0.1074750     11.3337481     11.0502000    2.0  2.0
  80    C       -1.1562696     13.4747552     10.6037400    2.0  2.0
  81    C       -2.3926767     15.6272152     10.4995800    2.0  2.0
  82    C        8.7052811      0.6702506     10.4741700    2.0  2.0
  83    C        7.4639395      2.8333088     10.4542200    2.0  2.0
  84    C        6.2654299      4.9932901     10.4460300    2.0  2.0
  85    C        2.5949943     11.3493035     10.5501900    2.0  2.0
  86    C        1.3357895     13.4554392     10.5579600    2.0  2.0
  87    C        0.0810257     15.6044804     10.5174300    2.0  2.0
  88    C       11.1786875      0.6610199     10.4519100    2.0  2.0
  89    C        9.9345825      2.8141637     10.4470800    2.0  2.0
  90    C        8.6761671      4.9756835     10.4393100    2.0  2.0
  91    C        3.7929117     13.4330462     10.4527500    2.0  2.0
  92    C        2.5501884     15.6039676     10.4460300    2.0  2.0
  93    C       13.6462711      0.6570883     10.4166300    2.0  2.0
  94    C       12.4073967      2.8052749     10.4265000    2.0  2.0
  95    C       11.1613178      4.9519230     10.4346900    2.0  2.0
  96    C        9.8982640      7.0920754     10.4349000    2.0  2.0
  97    C        8.6778449      9.1703480     10.4374200    2.0  2.0
  98    C        7.4162715     11.3410985     10.4328000    2.0  2.0
  99    C        6.2312826     13.4414222     10.4168400    2.0  2.0
  100   C        5.0144164     15.6003779     10.4101200    2.0  2.0
  101   C       16.1163219      0.6608490     10.4021400    2.0  2.0
  102   C       14.8830730      2.8033946     10.4088600    2.0  2.0
  103   C       13.6435077      4.9462820     10.4241900    2.0  2.0
  104   C       12.3995014      7.0831866     10.4399400    2.0  2.0
  105   C       11.1475997      9.2132536     10.4424600    2.0  2.0
  106   C        9.9206670     11.3407566     10.4338500    2.0  2.0
  107   C        8.6920565     13.4612511     10.4225100    2.0  2.0
  108   C        7.4724269     15.6078992     10.4076000    2.0  2.0
  109   C       18.5843990      0.6663190     10.4061300    2.0  2.0
  110   C       17.3551963      2.8066424     10.4025600    2.0  2.0
  111   C       16.1237238      4.9474786     10.4149500    2.0  2.0
  112   C       14.8863298      7.0825028     10.4454000    2.0  2.0
  113   C       13.6415339      9.2197493     10.4626200    2.0  2.0
  114   C       12.3996001     11.3469104     10.4519100    2.0  2.0
  115   C       11.1648707     13.4821056     10.4357400    2.0  2.0
  116   C        9.9401092     15.6181555     10.4197800    2.0  2.0
  117   O        0.0744134     11.3527223     12.5357400    3.0  3.0
  118   H        0.8845719     10.8817862     12.8125200    0.5  0.5
  119   C        4.9345750      8.5469346     14.4999960    2.0  2.0
  120   O        3.9273888      9.1284339     14.4999960    3.0  3.0
  121   O        5.9417612      7.9654354     14.4999960    3.0  3.0
Atoms.SpeciesAndCoordinates>

Atoms.UnitVectors.Unit             Ang
<Atoms.UnitVectors
    19.7383000     0.0000000     0.0000000
    -9.8691500    17.0938692     0.0000000
     0.0000000     0.0000000    21.0000000
Atoms.UnitVectors>

scf.XcType                    GGA-PBE
scf.SpinPolarization          off
scf.ElectronicTemperature     300.0
scf.energycutoff              300.0
scf.maxIter                   100
scf.EigenvalueSolver          band
scf.Kgrid                     8  8  1
scf.Mixing.Type               rmm-diisk
scf.Init.Mixing.Weight        0.05
scf.Min.Mixing.Weight         0.01
scf.Max.Mixing.Weight         0.30
scf.Mixing.History            25
scf.Mixing.StartPulay         15
scf.criterion                 1.0e-8

#MD.Type                       nomd
#MD.maxIter                    1
#MD.TimeStep                   1.0
#MD.Opt.criterion              0.0003

Dos.fileout                   off
Dos.Erange                    -25.0  20.0
Dos.Kgrid                     2  2  2

Band.dispersion               off
Band.Nkpath                   9
<Band.kpath
   5  0.000000 0.000000 0.000000   0.500000 0.000000 0.000000   G M
   3  0.500000 0.000000 0.000000   0.333333 0.333333 0.000000   M K
   6  0.333333 0.333333 0.000000   0.000000 0.000000 0.000000   K G
   4  0.000000 0.000000 0.000000   0.000000 0.000000 0.500000   G A
   5  0.000000 0.000000 0.500000   0.500000 0.000000 0.500000   A L
   3  0.500000 0.000000 0.500000   0.333333 0.333333 0.500000   L H
   6  0.333333 0.333333 0.500000   0.000000 0.000000 0.500000   H A
   4  0.500000 0.000000 0.500000   0.500000 0.000000 0.000000   L M
   4  0.333333 0.333333 0.000000   0.333333 0.333333 0.500000   K H
Band.kpath>

#
# MD or Geometry Optimization
#

MD.Type                      RF        # Opt|DIIS|BFGS|RF|EF
MD.Opt.DIIS.History          3         # default=3
MD.Opt.StartDIIS             5         # default=5
MD.Opt.EveryDIIS            200        # default=200
MD.maxIter                  2000       # default=1
MD.Opt.criterion          1.0e-4       # default=0.0003 (Hartree/Bohr)
