#
#  The file was generated by the OpenMX Viewer

#  Bravais lattice type: HEX
#  Reciprocal vector b1 (1/Ang):      0.31832      0.18378      0.00000 
#  Reciprocal vector b2 (1/Ang):      0.00000      0.36757      0.00000 
#  Reciprocal vector b3 (1/Ang):      0.00000      0.00000      0.29920 

System.CurrrentDirectory         ./
System.Name                      Geo_G-L-Cn_CO2-F
DATA.PATH                        /mgpfs/home/afachrudin/_scratch/DFT_DATA19
level.of.stdout                   1
level.of.fileout                  1

Species.Number                     2
<Definition.of.Atomic.Species
  C     C6.0-s3p2d2       C_PBE19
  O     O6.0-s3p2d2       O_PBE19
Definition.of.Atomic.Species>

Atoms.Number                       109
Atoms.SpeciesAndCoordinates.Unit   Ang
<Atoms.SpeciesAndCoordinates
  1     C        0.0822100      1.3728086     10.4374200    2.0  2.0
  2     C       -1.1337680      3.5333028     10.4527500    2.0  2.0
  3     C       -2.3478708      5.6631989     10.4850900    2.0  2.0
  4     C       -3.6010555      7.8006163     10.5226800    2.0  2.0
  5     C       -4.8397325      9.9299996     10.5774900    2.0  2.0
  6     C       -6.1063392     12.0633145     10.5550200    2.0  2.0
  7     C       -7.3252779     14.1896208     10.4997900    2.0  2.0
  8     C       -8.5502368     16.3325083     10.4508600    2.0  2.0
  9     C        2.5556164      1.3676805     10.4456100    2.0  2.0
  10    C        1.3150642      3.5030466     10.4302800    2.0  2.0
  11    C        0.1967909      5.7158480     10.4592600    2.0  2.0
  12    C       -1.1310046      7.8013000     10.5556500    2.0  2.0
  13    C       -2.3627732      9.9686317     10.7045400    2.0  2.0
  14    C       -3.6478352     12.0658785     10.7593500    2.0  2.0
  15    C       -4.8602603     14.2020994     10.6276800    2.0  2.0
  16    C       -6.0820611     16.3429356     10.5044100    2.0  2.0
  17    C        5.0185615      1.4281928     10.4758500    2.0  2.0
  18    C        3.7374471      3.5179183     10.4380500    2.0  2.0
  19    C        0.1532679      9.8188894     10.3912200    2.0  2.0
  20    C       -1.3017409     12.1469035     11.4452100    2.0  2.0
  21    C       -2.4042236     14.2202189     10.7622900    2.0  2.0
  22    C       -3.6313537     16.3507987     10.5606900    2.0  2.0
  23    C        7.4874280      1.3615267     10.4924400    2.0  2.0
  24    C        6.3078672      3.5033885     10.4433000    2.0  2.0
  25    C        1.4407972     12.0516906     10.3878600    2.0  2.0
  26    C        0.0545764     14.1556040     10.7049600    2.0  2.0
  27    C       -1.1502494     16.3200298     10.5798000    2.0  2.0
  28    C        9.9609331      1.3610139     10.4846700    2.0  2.0
  29    C        8.7342964      3.4989441     10.4451900    2.0  2.0
  30    C        2.5472276     14.1728689     10.5489300    2.0  2.0
  31    C        1.3128930     16.3121666     10.5195300    2.0  2.0
  32    C       12.4265428      1.3632361     10.4668200    2.0  2.0
  33    C       11.1852012      3.5215080     10.4472900    2.0  2.0
  34    C        9.8639194      5.7009763     10.4267100    2.0  2.0
  35    C        5.0175746     14.0660322     10.4500200    2.0  2.0
  36    C        3.7906418     16.2957565     10.4777400    2.0  2.0
  37    C       14.8890931      1.3680224     10.4533800    2.0  2.0
  38    C       13.6610748      3.5086876     10.4521200    2.0  2.0
  39    C       12.4123313      5.6462759     10.4468700    2.0  2.0
  40    C       11.2059264      7.7799327     10.4382600    2.0  2.0
  41    C        9.9892576      9.8794017     10.4298600    2.0  2.0
  42    C        8.6921552     12.0986988     10.4237700    2.0  2.0
  43    C        7.4925600     14.2038088     10.4195700    2.0  2.0
  44    C        6.2424348     16.3096025     10.4456100    2.0  2.0
  45    C       17.3532225      1.3772530     10.4437200    2.0  2.0
  46    C       16.1292505      3.5156961     10.4565300    2.0  2.0
  47    C       14.9018244      5.6505494     10.4699700    2.0  2.0
  48    C       13.6707466      7.7869412     10.4829900    2.0  2.0
  49    C       12.4338460      9.9286321     10.4840400    2.0  2.0
  50    C       11.1419743     12.0335711     10.4649300    2.0  2.0
  51    C        9.9626109     14.1969712     10.4367900    2.0  2.0
  52    C        8.7212692     16.3364399     10.4330100    2.0  2.0
  53    C        1.3184197      0.6610199     10.4422500    2.0  2.0
  54    C        0.0754990      2.7977536     10.4382600    2.0  2.0
  55    C       -1.0993246      4.9649143     10.4668200    2.0  2.0
  56    C       -2.3680039      7.0840413     10.5266700    2.0  2.0
  57    C       -3.5933575      9.2310313     10.5863100    2.0  2.0
  58    C       -4.8718072     11.3530642     10.6163400    2.0  2.0
  59    C       -6.0964700     13.4848406     10.5625800    2.0  2.0
  60    C       -7.3173826     15.6207196     10.4846700    2.0  2.0
  61    C        3.7948856      0.6864898     10.4722800    2.0  2.0
  62    C        2.5525570      2.7941639     10.4332200    2.0  2.0
  63    C        1.3349012      4.8878210     10.4401500    2.0  2.0
  64    C        0.0759925      7.1236991     10.4974800    2.0  2.0
  65    C       -1.0823497      9.2523986     10.5783300    2.0  2.0
  66    C       -2.4334363     11.3511839     10.9076100    2.0  2.0
  67    C       -3.6425059     13.4990285     10.7547300    2.0  2.0
  68    C       -4.8572009     15.6313178     10.5669900    2.0  2.0
  69    C        6.2407570      0.6897376     10.5065100    2.0  2.0
  70    C        5.0206340      2.9257867     10.4498100    2.0  2.0
  71    C        0.8322654     10.9142646      9.7450500    2.0  2.0
  72    C       -1.1778831     13.5255240     10.9099200    2.0  2.0
  73    C       -2.3989930     15.6367878     10.6201200    2.0  2.0
  74    C        8.7248221      0.6517892     10.5165900    2.0  2.0
  75    C        7.4970011      2.7890357     10.4563200    2.0  2.0
  76    C        1.3148669     13.4048413     10.5756000    2.0  2.0
  77    C        0.0780650     15.5901216     10.5865200    2.0  2.0
  78    C       11.1893462      0.6432423     10.4876100    2.0  2.0
  79    C        9.9721839      2.7890357     10.4561100    2.0  2.0
  80    C        8.7086367      4.8876500     10.4265000    2.0  2.0
  81    C        3.7379406     13.4670630     10.4882400    2.0  2.0
  82    C        2.5501884     15.6029420     10.5214200    2.0  2.0
  83    C       13.6601866      0.6435842     10.4640900    2.0  2.0
  84    C       12.4262468      2.7962151     10.4538000    2.0  2.0
  85    C       11.1608244      4.9524358     10.4382600    2.0  2.0
  86    C        9.9899484      7.1083146     10.4210400    2.0  2.0
  87    C        6.3034261     13.4942422     10.4290200    2.0  2.0
  88    C        5.0198445     15.5639679     10.4586300    2.0  2.0
  89    C       16.1184932      0.6543533     10.4481300    2.0  2.0
  90    C       14.8946199      2.7967279     10.4529600    2.0  2.0
  91    C       13.6608774      4.9343163     10.4546400    2.0  2.0
  92    C       12.4398662      7.0631868     10.4529600    2.0  2.0
  93    C       11.2025709      9.2065870     10.4454000    2.0  2.0
  94    C        9.8458588     11.2829793     10.4359500    2.0  2.0
  95    C        8.7255129     13.4867209     10.4212500    2.0  2.0
  96    C        7.4840725     15.6301212     10.4304900    2.0  2.0
  97    C       18.5890375      0.6637549     10.4380500    2.0  2.0
  98    C       17.3622034      2.8081808     10.4519100    2.0  2.0
  99    C       16.1421791      4.9421795     10.4687100    2.0  2.0
  100   C       14.9069563      7.0819900     10.4888700    2.0  2.0
  101   C       13.6671937      9.2122280     10.5117600    2.0  2.0
  102   C       12.3924943     11.3445173     10.4970600    2.0  2.0
  103   C       11.1721739     13.4643280     10.4632500    2.0  2.0
  104   C        9.9559985     15.6220871     10.4376300    2.0  2.0
  105   O        0.9174362     10.8631539      8.4722400    3.0  3.0
  106   O       -0.6662663     11.7778468     12.4456500    3.0  3.0
  107   C        1.2336438     10.6836683     14.4999960    2.0  2.0
  108   O        0.2264575     11.2651675     14.4999960    3.0  3.0
  109   O        2.2408300     10.1021690     14.4999960    3.0  3.0
Atoms.SpeciesAndCoordinates>

Atoms.UnitVectors.Unit             Ang
<Atoms.UnitVectors
    19.7383000     0.0000000     0.0000000
    -9.8691500    17.0938692     0.0000000
     0.0000000     0.0000000    21.0000000
Atoms.UnitVectors>

scf.XcType                    GGA-PBE
scf.SpinPolarization          off
scf.ElectronicTemperature     300.0
scf.energycutoff              300.0
scf.maxIter                   100
scf.EigenvalueSolver          band
scf.Kgrid                     8  8  1
scf.Mixing.Type               rmm-diisk
scf.Init.Mixing.Weight        0.05
scf.Min.Mixing.Weight         0.01
scf.Max.Mixing.Weight         0.30
scf.Mixing.History            25
scf.Mixing.StartPulay         15
scf.criterion                 1.0e-8

#MD.Type                       nomd
#MD.maxIter                    1
#MD.TimeStep                   1.0
#MD.Opt.criterion              0.0003

Dos.fileout                   off
Dos.Erange                    -25.0  20.0
Dos.Kgrid                     2  2  2

Band.dispersion               off
Band.Nkpath                   9
<Band.kpath
   5  0.000000 0.000000 0.000000   0.500000 0.000000 0.000000   G M
   3  0.500000 0.000000 0.000000   0.333333 0.333333 0.000000   M K
   6  0.333333 0.333333 0.000000   0.000000 0.000000 0.000000   K G
   4  0.000000 0.000000 0.000000   0.000000 0.000000 0.500000   G A
   5  0.000000 0.000000 0.500000   0.500000 0.000000 0.500000   A L
   3  0.500000 0.000000 0.500000   0.333333 0.333333 0.500000   L H
   6  0.333333 0.333333 0.500000   0.000000 0.000000 0.500000   H A
   4  0.500000 0.000000 0.500000   0.500000 0.000000 0.000000   L M
   4  0.333333 0.333333 0.000000   0.333333 0.333333 0.500000   K H
Band.kpath>

#
# MD or Geometry Optimization
#

MD.Type                      RF        # Opt|DIIS|BFGS|RF|EF
MD.Opt.DIIS.History          3         # default=3
MD.Opt.StartDIIS             5         # default=5
MD.Opt.EveryDIIS            200        # default=200
MD.maxIter                  2000       # default=1
MD.Opt.criterion          1.0e-4       # default=0.0003 (Hartree/Bohr)
